[ 6260.025349] [Project1] 3009 1586972138.748517714 1586972139.535428081
[ 6261.542489] [Project1] 3010 1586972140.292946124 1586972141.52590295
[ 6263.091091] [Project1] 3011 1586972141.835669217 1586972142.601214727
[ 6264.601157] [Project1] 3012 1586972143.349844757 1586972144.111301639
[ 6266.119491] [Project1] 3013 1586972144.865194706 1586972145.629659492
[ 6267.625574] [Project1] 3014 1586972146.376256637 1586972147.135762664
[ 6269.141865] [Project1] 3015 1586972147.888321008 1586972148.652076851
[ 6270.652303] [Project1] 3016 1586972149.395852867 1586972150.162535577
[ 6272.149675] [Project1] 3017 1586972150.904252937 1586972151.659931235
[ 6273.636344] [Project1] 3018 1586972152.396944083 1586972153.146621484
